22600011900,'453',1014,3,21,5,,,0
22600011900,'454',1644,2,22,5,,,0
22600011900,'472',1223,3,25,6,,,0
22600011900,'473',1423,3,26,5,,,0
22600011901,'449',821,3,27,5,,,0
22600011901,'450',1023,3,28,5,,,0
22600011901,'451',1851,2,29,4,,,0
22600011901,'475',1326,4,31,5,,,0
22600011901,'476',1704,4,32,4,,,0
61700011900,'443',2053,2,43,6,,,0
61700011900,'461',1120,3,44,7,,,0
61700011900,'463',1816,2,46,6,,,0
61700011900,'482',810,3,47,7,,,0
61700011900,'484',659,3,48,6,,,0
61700011900,'486',1530,4,50,7,,,0
61700011900,'520',1718,3,52,4,,,0
61700011900,'93',1439,3,53,6,,,0
61700011901,'458',1212,3,54,2,,,0
61700011901,'459',1418,3,55,7,,,0
61700011901,'460',1815,2,56,3,,,0
61700011901,'477',821,3,57,5,,,0
61700011901,'481',2028,3,60,6,,,0
61700011901,'516',1023,3,61,5,,,0
61700011901,'519',1506,3,62,4,,,0
61700011901,'91',1930,3,63,7,,,0
