22600011900,'453',645,,21,1,,,0
22600011900,'454',1322,,22,1,,,0
22600011900,'455',1638,,23,1,,,0
22600011900,'456',1809,,24,1,,,0
22600011900,'472',846,,25,1,,,0
22600011900,'473',1049,,26,1,,,0
22600011901,'449',1150,,27,9,4,,0
22600011901,'450',1400,,28,9,4,,0
22600011901,'451',2214,,29,9,4,,0
22600011901,'452',2304,,30,7,4,,0
22600011901,'475',1705,,31,10,4,,0
22600011901,'476',2025,,32,8,4,,0
22600044400,'535',730,,33,1,,,0
22600044401,'537',1946,,34,44,4,,0
22600044401,'538',2246,,35,44,4,,0
22600046000,'536',730,,36,1,,,0
22600046001,'396',1946,,37,60,4,,0
22600046001,'397',2246,,38,60,4,,0
22600062000,'504',1830,,39,1,,,0
22600062001,'505',3353,,40,28,4,,0
61700022600,'470',1957,,64,5,4,,0
61700022601,'511',900,,65,1,,,0
61700022601,'557',620,,66,1,,,0
61700062800,'508',1825,21,67,6,,,0
61700062800,'541',1640,25,68,4,,,0
61700062800,'95',1640,25,69,5,,,0
61700062801,'510',900,63,70,7,,,0
61700062801,'513',1154,28,71,7,,,0
62800022600,'466',2100,,74,6,4,,0
62800022601,'433',800,,75,1,,,0
62800022601,'467',625,,76,1,,,0
62800057600,'442',1850,39,77,5,,,0
62800057600,'512',1630,76,78,6,,,0
62800057600,'556',1356,25,79,5,,,0
62800057601,'434',836,25,80,6,,,0
62800057601,'539',1245,30,81,5,,,0
62800057601,'558',1015,76,82,4,,,0
