61700011900,'443',1803,,43,1,,,0
61700011900,'461',829,,44,1,,,0
61700011900,'462',1024,,45,1,,,0
61700011900,'463',1525,,46,1,,,0
61700011900,'482',521,,47,1,,,0
61700011900,'484',413,,48,1,,,0
61700011900,'485',935,,49,1,,,0
61700011900,'486',1223,,50,1,,,0
61700011900,'487',1651,,51,1,,,0
61700011900,'520',1429,,52,1,,,0
61700011900,'93',1143,,53,1,,,0
61700011901,'458',1502,,54,5,4,,0
61700011901,'459',1716,,55,14,4,,0
61700011901,'460',2046,,56,5,4,,0
61700011901,'477',1121,,57,10,4,,0
61700011901,'478',1843,,58,7,4,,0
61700011901,'479',2000,,59,7,4,,0
61700011901,'481',2311,,60,13,4,,0
61700011901,'516',1332,,61,10,4,,0
61700011901,'519',1753,,62,7,4,,0
61700011901,'91',2213,,63,13,4,,0
61700022600,'470',1755,,64,1,,,0
61700022601,'511',1105,,65,5,4,,0
61700022601,'557',825,,66,5,4,,0
61700062800,'508',1605,,67,1,,,0
61700062800,'541',1417,,68,1,,,0
61700062800,'95',1417,,69,1,,,0
61700062801,'510',1104,,70,11,4,,0
61700062801,'513',1358,,71,12,4,,0
62800057600,'442',2051,,77,9,4,,0
62800057600,'512',1836,,78,10,4,,0
62800057600,'556',1556,,79,8,4,,0
62800057601,'434',607,,80,1,,,0
62800057601,'539',1013,,81,1,,,0
62800057601,'558',745,,82,1,,,0
