22600011900,'455',1842,2,23,4,,,0
22600011900,'472',1056,2,25,4,,,0
22600011901,'451',2013,2,29,6,,,0
22600011901,'475',1456,4,31,7,,,0
61700011900,'443',1927,2,43,4,,,0
61700011900,'461',952,3,44,4,,,0
61700011900,'463',1646,3,46,3,,,0
61700011900,'482',643,3,47,4,,,0
61700011900,'484',534,2,48,4,,,0
61700011900,'486',1357,3,50,4,,,0
61700011900,'93',1305,4,53,3,,,0
61700011901,'459',1553,2,55,11,,,0
61700011901,'477',1000,46,57,7,,,0
61700011901,'478',1721,2,58,4,,,0
61700011901,'479',1842,2,59,5,,,0
61700011901,'481',2155,2,60,10,,,0
61700011901,'516',1200,43,61,7,,,0
61700011901,'91',2056,2,63,10,,,0
