800011900,0,'Toronto',8000119
800011901,0,'Vancouver',8000119
1190009300,0,'London',11900093
1190009301,0,'Toronto',11900093
2100045801,0,'Jasper',21000458
2100045800,0,'Prince Rupert',21000458
11900012000,0,'Niagara Falls',119000120
11900012001,0,'Toronto',119000120
11900034100,0,'Sarnia',119000341
11900034101,0,'Toronto',119000341
11900061801,0,'Toronto',119000618
11900061800,0,'Windsor',119000618
14900043500,0,'Churchill',149000435
14900043501,0,'The Pas',149000435
22600011901,0,'Montréal',226000119
22600011900,0,'Toronto',226000119
22600044400,0,'Jonquière',226000444
22600044401,0,'Montréal',226000444
22600046001,0,'Montréal',226000460
22600046000,0,'Senneterre',226000460
22600062000,0,'Halifax',226000620
22600062001,0,'Montréal',226000620
38800043500,0,'Churchill',388000435
38800043501,0,'Winnipeg',388000435
61700011901,0,'Ottawa',617000119
61700011900,0,'Toronto',617000119
61700022600,0,'Montréal',617000226
61700022601,0,'Ottawa',617000226
61700062801,0,'Ottawa',617000628
61700062800,0,'Québec',617000628
62100011601,0,'Sudbury',621000116
62100011600,0,'White River',621000116
62800022600,0,'Montréal',628000226
62800022601,0,'Québec',628000226
62800057600,0,'Ottawa',628000576
62800057601,0,'Québec',628000576
