22600011900,'453',1145,2,21,7,4,,0
22600011900,'455',2130,2,23,7,4,,0
22600011900,'472',1400,42,25,9,4,,0
22600011901,'449',652,2,27,2,,,0
22600011901,'450',852,2,28,2,,,0
22600011901,'452',1827,2,30,2,,,0
22600011901,'475',1157,2,31,2,,,0
22600011901,'476',1542,2,32,2,,,0
61700011900,'443',2230,2,43,10,4,,0
61700011900,'461',1300,42,44,12,4,,0
61700011900,'485',1330,2,49,4,4,,0
61700011900,'486',1700,42,50,9,4,,0
61700011900,'487',2100,42,51,5,4,,0
61700011901,'459',1242,2,55,2,,,0
61700011901,'477',652,2,57,2,,,0
61700011901,'516',852,2,61,2,,,0
61700011901,'91',1757,2,63,2,,,0
