800011900,8,1,0
800011900,298,2,0
800011900,296,3,0
800011900,285,4,0
800011900,288,5,0
800011900,269,6,0
800011900,117,7,0
800011900,80,8,0
800011900,268,9,0
800011900,257,10,0
800011900,21,11,0
800011900,263,12,0
800011900,254,13,0
800011900,241,14,0
800011900,449,15,0
800011900,455,16,0
800011900,236,17,0
800011900,231,18,0
800011900,615,19,0
800011900,118,20,0
800011900,228,21,0
800011900,506,22,0
800011900,616,23,0
800011900,224,24,0
800011900,388,25,0
800011900,206,26,0
800011900,204,27,0
800011900,456,28,0
800011900,264,29,0
800011900,198,30,0
800011900,187,31,0
800011900,167,32,0
800011900,153,33,0
800011900,142,34,0
800011900,144,35,0
800011900,140,36,0
800011900,131,37,0
800011900,111,38,0
800011900,115,39,0
800011900,44,40,0
800011900,108,41,0
800011900,107,42,0
800011900,109,43,0
800011900,105,44,0
800011900,106,45,0
800011900,101,46,0
800011900,103,47,0
800011900,102,48,0
800011900,99,49,0
800011900,95,50,0
800011900,98,51,0
800011900,91,52,0
800011900,63,53,0
800011900,92,54,0
800011900,88,55,0
800011900,79,56,0
800011900,74,57,0
800011900,76,58,0
800011900,71,59,0
800011900,72,60,0
800011900,68,61,0
800011900,65,62,0
800011900,113,63,0
800011900,4,64,0
800011900,69,65,0
800011900,59,66,0
800011900,119,67,1
800011901,119,1,0
800011901,59,2,0
800011901,60,3,0
800011901,4,4,0
800011901,113,5,0
800011901,65,6,0
800011901,68,7,0
800011901,72,8,0
800011901,71,9,0
800011901,76,10,0
800011901,74,11,0
800011901,79,12,0
800011901,88,13,0
800011901,92,14,0
800011901,63,15,0
800011901,91,16,0
800011901,98,17,0
800011901,95,18,0
800011901,99,19,0
800011901,102,20,0
800011901,103,21,0
800011901,101,22,0
800011901,106,23,0
800011901,105,24,0
800011901,109,25,0
800011901,107,26,0
800011901,108,27,0
800011901,44,28,0
800011901,115,29,0
800011901,111,30,0
800011901,131,31,0
800011901,140,32,0
800011901,144,33,0
800011901,142,34,0
800011901,153,35,0
800011901,167,36,0
800011901,187,37,0
800011901,198,38,0
800011901,264,39,0
800011901,456,40,0
800011901,204,41,0
800011901,206,42,0
800011901,388,43,0
800011901,224,44,0
800011901,616,45,0
800011901,506,46,0
800011901,228,47,0
800011901,118,48,0
800011901,615,49,0
800011901,231,50,0
800011901,236,51,0
800011901,455,52,0
800011901,449,53,0
800011901,241,54,0
800011901,254,55,0
800011901,263,56,0
800011901,21,57,0
800011901,257,58,0
800011901,268,59,0
800011901,80,60,0
800011901,117,61,0
800011901,269,62,0
800011901,273,63,0
800011901,274,64,0
800011901,277,65,0
800011901,145,66,0
800011901,8,67,1
1190009300,119,1,0
1190009300,600,2,0
1190009300,162,3,0
1190009300,282,4,0
1190009300,93,5,1
1190009301,93,1,0
1190009301,282,2,0
1190009301,162,3,0
1190009301,119,4,1
2100045800,21,1,0
2100045800,64,2,0
2100045800,438,3,0
2100045800,207,4,0
2100045800,136,5,0
2100045800,386,6,0
2100045800,414,7,0
2100045800,361,8,0
2100045800,333,9,0
2100045800,378,10,0
2100045800,442,11,0
2100045800,281,12,0
2100045800,379,13,0
2100045800,305,14,0
2100045800,244,15,0
2100045800,308,16,0
2100045800,454,17,0
2100045800,36,18,0
2100045800,432,19,0
2100045800,424,20,0
2100045800,338,21,0
2100045800,148,22,0
2100045800,294,23,0
2100045800,307,24,0
2100045800,227,25,0
2100045800,61,26,0
2100045800,195,27,0
2100045800,172,28,0
2100045800,256,29,0
2100045800,270,30,0
2100045800,31,31,0
2100045800,176,32,0
2100045800,632,33,0
2100045800,458,34,1
2100045801,458,1,0
2100045801,632,2,0
2100045801,176,3,0
2100045801,31,4,0
2100045801,270,5,0
2100045801,256,6,0
2100045801,172,7,0
2100045801,195,8,0
2100045801,61,9,0
2100045801,227,10,0
2100045801,307,11,0
2100045801,294,12,0
2100045801,148,13,0
2100045801,338,14,0
2100045801,424,15,0
2100045801,432,16,0
2100045801,36,17,0
2100045801,454,18,0
2100045801,308,19,0
2100045801,244,20,0
2100045801,305,21,0
2100045801,379,22,0
2100045801,281,23,0
2100045801,442,24,0
2100045801,378,25,0
2100045801,333,26,0
2100045801,361,27,0
2100045801,414,28,0
2100045801,386,29,0
2100045801,136,30,0
2100045801,207,31,0
2100045801,438,32,0
2100045801,64,33,0
2100045801,21,34,1
11900012000,119,1,0
11900012000,436,2,0
11900012000,600,3,0
11900012000,1,4,0
11900012000,185,5,0
11900012000,346,6,0
11900012000,403,7,0
11900012000,201,8,0
11900012000,357,9,0
11900012000,191,10,0
11900012000,614,11,0
11900012000,259,12,0
11900012000,366,13,0
11900012000,173,14,0
11900012000,25,15,0
11900012000,189,16,0
11900012000,260,17,0
11900012000,222,18,0
11900012000,240,19,0
11900012000,210,20,0
11900012000,345,21,0
11900012000,120,22,1
11900012001,120,1,0
11900012001,345,2,0
11900012001,210,3,0
11900012001,240,4,0
11900012001,222,5,0
11900012001,260,6,0
11900012001,189,7,0
11900012001,25,8,0
11900012001,173,9,0
11900012001,366,10,0
11900012001,259,11,0
11900012001,614,12,0
11900012001,191,13,0
11900012001,357,14,0
11900012001,201,15,0
11900012001,403,16,0
11900012001,346,17,0
11900012001,185,18,0
11900012001,1,19,0
11900012001,600,20,0
11900012001,436,21,0
11900012001,119,22,1
11900034100,119,1,0
11900034100,34,2,0
11900034100,322,3,0
11900034100,6,4,0
11900034100,70,5,0
11900034100,114,6,0
11900034100,7,7,0
11900034100,11,8,0
11900034100,93,9,0
11900034100,14,10,0
11900034100,280,11,0
11900034100,341,12,1
11900034101,341,1,0
11900034101,280,2,0
11900034101,14,3,0
11900034101,93,4,0
11900034101,11,5,0
11900034101,7,6,0
11900034101,114,7,0
11900034101,70,8,0
11900034101,6,9,0
11900034101,322,10,0
11900034101,34,11,0
11900034101,119,12,1
11900061800,119,1,0
11900061800,436,2,0
11900061800,600,3,0
11900061800,162,4,0
11900061800,282,5,0
11900061800,323,6,0
11900061800,93,7,0
11900061800,78,8,0
11900061800,601,9,0
11900061800,618,10,1
11900061801,618,1,0
11900061801,601,2,0
11900061801,78,3,0
11900061801,93,4,0
11900061801,323,5,0
11900061801,282,6,0
11900061801,162,7,0
11900061801,600,8,0
11900061801,436,9,0
11900061801,119,10,1
14900043500,149,1,0
14900043500,155,2,0
14900043500,348,3,0
14900043500,238,4,0
14900043500,440,5,0
14900043500,326,6,0
14900043500,151,7,0
14900043500,401,8,0
14900043500,412,9,0
14900043500,246,10,0
14900043500,446,11,0
14900043500,252,12,0
14900043500,208,13,0
14900043500,406,14,0
14900043500,262,15,0
14900043500,232,16,0
14900043500,418,17,0
14900043500,314,18,0
14900043500,387,19,0
14900043500,371,20,0
14900043500,353,21,0
14900043500,29,22,0
14900043500,179,23,0
14900043500,158,24,0
14900043500,313,25,0
14900043500,165,26,0
14900043500,503,27,0
14900043500,290,28,0
14900043500,373,29,0
14900043500,157,30,0
14900043500,461,31,0
14900043500,356,32,0
14900043500,318,33,0
14900043500,249,34,0
14900043500,235,35,0
14900043500,67,36,0
14900043500,237,37,0
14900043500,340,38,0
14900043500,383,39,0
14900043500,139,40,0
14900043500,90,41,0
14900043500,278,42,0
14900043500,335,43,0
14900043500,297,44,0
14900043500,197,45,0
14900043500,352,46,0
14900043500,375,47,0
14900043500,229,48,0
14900043500,284,49,0
14900043500,435,50,1
14900043501,435,1,0
14900043501,284,2,0
14900043501,229,3,0
14900043501,375,4,0
14900043501,352,5,0
14900043501,197,6,0
14900043501,297,7,0
14900043501,335,8,0
14900043501,278,9,0
14900043501,90,10,0
14900043501,139,11,0
14900043501,383,12,0
14900043501,340,13,0
14900043501,237,14,0
14900043501,67,15,0
14900043501,235,16,0
14900043501,249,17,0
14900043501,318,18,0
14900043501,356,19,0
14900043501,461,20,0
14900043501,157,21,0
14900043501,373,22,0
14900043501,290,23,0
14900043501,503,24,0
14900043501,165,25,0
14900043501,313,26,0
14900043501,158,27,0
14900043501,179,28,0
14900043501,29,29,0
14900043501,353,30,0
14900043501,371,31,0
14900043501,387,32,0
14900043501,314,33,0
14900043501,418,34,0
14900043501,232,35,0
14900043501,262,36,0
14900043501,406,37,0
14900043501,208,38,0
14900043501,252,39,0
14900043501,446,40,0
14900043501,246,41,0
14900043501,412,42,0
14900043501,401,43,0
14900043501,151,44,0
14900043501,326,45,0
14900043501,440,46,0
14900043501,238,47,0
14900043501,348,48,0
14900043501,155,49,0
14900043501,149,50,1
22600011900,226,1,0
22600011900,332,2,0
22600011900,602,3,0
22600011900,35,4,0
22600011900,58,5,0
22600011900,415,6,0
22600011900,178,7,0
22600011900,367,8,0
22600011900,450,9,1
22600011900,119,10,1
22600011901,119,1,0
22600011901,450,2,0
22600011901,367,3,0
22600011901,178,4,0
22600011901,415,5,0
22600011901,58,6,0
22600011901,35,7,0
22600011901,602,8,0
22600011901,332,9,1
22600011901,226,10,1
22600044400,226,1,0
22600044400,634,2,0
22600044400,633,3,0
22600044400,457,4,0
22600044400,43,5,0
22600044400,130,6,0
22600044400,82,7,0
22600044400,459,8,0
22600044400,132,9,0
22600044400,126,10,0
22600044400,38,11,0
22600044400,437,12,0
22600044400,28,13,0
22600044400,350,14,0
22600044400,26,15,0
22600044400,209,16,0
22600044400,27,17,0
22600044400,37,18,0
22600044400,94,19,0
22600044400,33,20,0
22600044400,46,21,0
22600044400,319,22,0
22600044400,166,23,0
22600044400,39,24,0
22600044400,255,25,0
22600044400,134,26,0
22600044400,399,27,0
22600044400,217,28,0
22600044400,183,29,0
22600044400,45,30,0
22600044400,250,31,0
22600044400,48,32,0
22600044400,121,33,0
22600044400,47,34,0
22600044400,245,35,0
22600044400,161,36,0
22600044400,247,37,0
22600044400,51,38,0
22600044400,177,39,0
22600044400,52,40,0
22600044400,404,41,0
22600044400,439,42,0
22600044400,453,43,0
22600044400,444,44,1
22600044401,444,1,0
22600044401,453,2,0
22600044401,439,3,0
22600044401,404,4,0
22600044401,52,5,0
22600044401,177,6,0
22600044401,51,7,0
22600044401,247,8,0
22600044401,161,9,0
22600044401,245,10,0
22600044401,47,11,0
22600044401,121,12,0
22600044401,48,13,0
22600044401,250,14,0
22600044401,45,15,0
22600044401,183,16,0
22600044401,217,17,0
22600044401,399,18,0
22600044401,134,19,0
22600044401,255,20,0
22600044401,39,21,0
22600044401,166,22,0
22600044401,319,23,0
22600044401,46,24,0
22600044401,33,25,0
22600044401,94,26,0
22600044401,37,27,0
22600044401,27,28,0
22600044401,209,29,0
22600044401,26,30,0
22600044401,350,31,0
22600044401,28,32,0
22600044401,437,33,0
22600044401,38,34,0
22600044401,126,35,0
22600044401,132,36,0
22600044401,459,37,0
22600044401,82,38,0
22600044401,130,39,0
22600044401,43,40,0
22600044401,457,41,0
22600044401,633,42,0
22600044401,634,43,0
22600044401,226,44,1
22600046000,226,1,0
22600046000,634,2,0
22600046000,633,3,0
22600046000,457,4,0
22600046000,43,5,0
22600046000,130,6,0
22600046000,82,7,0
22600046000,459,8,0
22600046000,132,9,0
22600046000,126,10,0
22600046000,38,11,0
22600046000,437,12,0
22600046000,433,13,0
22600046000,441,14,0
22600046000,147,15,0
22600046000,411,16,0
22600046000,320,17,0
22600046000,203,18,0
22600046000,425,19,0
22600046000,171,20,0
22600046000,299,21,0
22600046000,83,22,0
22600046000,168,23,0
22600046000,339,24,0
22600046000,407,25,0
22600046000,295,26,0
22600046000,49,27,0
22600046000,306,28,0
22600046000,321,29,0
22600046000,397,30,0
22600046000,417,31,0
22600046000,216,32,0
22600046000,212,33,0
22600046000,32,34,0
22600046000,215,35,0
22600046000,426,36,0
22600046000,292,37,0
22600046000,384,38,0
22600046000,286,39,0
22600046000,182,40,0
22600046000,448,41,0
22600046000,303,42,0
22600046000,276,43,0
22600046000,390,44,0
22600046000,180,45,0
22600046000,253,46,0
22600046000,392,47,0
22600046000,160,48,0
22600046000,193,49,0
22600046000,190,50,0
22600046000,394,51,0
22600046000,405,52,0
22600046000,163,53,0
22600046000,423,54,0
22600046000,369,55,0
22600046000,129,56,0
22600046000,55,57,0
22600046000,125,58,0
22600046000,381,59,0
22600046000,460,60,1
22600046001,460,1,0
22600046001,381,2,0
22600046001,125,3,0
22600046001,55,4,0
22600046001,129,5,0
22600046001,369,6,0
22600046001,423,7,0
22600046001,163,8,0
22600046001,405,9,0
22600046001,394,10,0
22600046001,190,11,0
22600046001,193,12,0
22600046001,160,13,0
22600046001,392,14,0
22600046001,253,15,0
22600046001,180,16,0
22600046001,390,17,0
22600046001,276,18,0
22600046001,303,19,0
22600046001,448,20,0
22600046001,182,21,0
22600046001,286,22,0
22600046001,384,23,0
22600046001,292,24,0
22600046001,426,25,0
22600046001,215,26,0
22600046001,32,27,0
22600046001,212,28,0
22600046001,216,29,0
22600046001,417,30,0
22600046001,397,31,0
22600046001,321,32,0
22600046001,306,33,0
22600046001,49,34,0
22600046001,295,35,0
22600046001,407,36,0
22600046001,339,37,0
22600046001,168,38,0
22600046001,83,39,0
22600046001,299,40,0
22600046001,171,41,0
22600046001,425,42,0
22600046001,203,43,0
22600046001,320,44,0
22600046001,411,45,0
22600046001,147,46,0
22600046001,441,47,0
22600046001,433,48,0
22600046001,437,49,0
22600046001,38,50,0
22600046001,126,51,0
22600046001,132,52,0
22600046001,459,53,0
22600046001,82,54,0
22600046001,130,55,0
22600046001,43,56,0
22600046001,457,57,0
22600046001,633,58,0
22600046001,634,59,0
22600046001,226,60,1
22600062000,226,1,0
22600062000,343,2,0
22600062000,631,3,0
22600062000,630,4,0
22600062000,629,5,0
22600062000,54,6,0
22600062000,138,7,0
22600062000,327,8,0
22600062000,170,9,0
22600062000,328,10,0
22600062000,342,11,0
22600062000,42,12,0
22600062000,221,13,0
22600062000,87,14,0
22600062000,110,15,0
22600062000,355,16,0
22600062000,84,17,0
22600062000,18,18,0
22600062000,73,19,0
22600062000,310,20,0
22600062000,267,21,0
22600062000,19,22,0
22600062000,12,23,0
22600062000,202,24,0
22600062000,22,25,0
22600062000,41,26,0
22600062000,10,27,0
22600062000,620,28,1
22600062001,620,1,0
22600062001,10,2,0
22600062001,41,3,0
22600062001,22,4,0
22600062001,202,5,0
22600062001,12,6,0
22600062001,19,7,0
22600062001,267,8,0
22600062001,310,9,0
22600062001,73,10,0
22600062001,18,11,0
22600062001,84,12,0
22600062001,355,13,0
22600062001,110,14,0
22600062001,87,15,0
22600062001,221,16,0
22600062001,42,17,0
22600062001,342,18,0
22600062001,328,19,0
22600062001,170,20,0
22600062001,327,21,0
22600062001,138,22,0
22600062001,54,23,0
22600062001,629,24,0
22600062001,630,25,0
22600062001,631,26,0
22600062001,343,27,1
22600062001,226,28,1
38800043500,388,1,0
38800043500,224,2,0
38800043500,104,3,0
38800043500,317,4,0
38800043500,141,5,0
38800043500,380,6,0
38800043500,408,7,0
38800043500,347,8,0
38800043500,289,9,0
38800043500,427,10,0
38800043500,169,11,0
38800043500,50,12,0
38800043500,445,13,0
38800043500,100,14,0
38800043500,301,15,0
38800043500,370,16,0
38800043500,89,17,0
38800043500,24,18,0
38800043500,159,19,0
38800043500,261,20,0
38800043500,96,21,0
38800043500,149,22,0
38800043500,155,23,0
38800043500,348,24,0
38800043500,238,25,0
38800043500,440,26,0
38800043500,326,27,0
38800043500,151,28,0
38800043500,401,29,0
38800043500,412,30,0
38800043500,246,31,0
38800043500,446,32,0
38800043500,252,33,0
38800043500,208,34,0
38800043500,406,35,0
38800043500,262,36,0
38800043500,232,37,0
38800043500,418,38,0
38800043500,314,39,0
38800043500,387,40,0
38800043500,371,41,0
38800043500,353,42,0
38800043500,29,43,0
38800043500,179,44,0
38800043500,158,45,0
38800043500,313,46,0
38800043500,165,47,0
38800043500,503,48,0
38800043500,290,49,0
38800043500,373,50,0
38800043500,157,51,0
38800043500,461,52,0
38800043500,356,53,0
38800043500,318,54,0
38800043500,249,55,0
38800043500,235,56,0
38800043500,67,57,0
38800043500,237,58,0
38800043500,340,59,0
38800043500,383,60,0
38800043500,139,61,0
38800043500,90,62,0
38800043500,278,63,0
38800043500,335,64,0
38800043500,297,65,0
38800043500,197,66,0
38800043500,352,67,0
38800043500,375,68,0
38800043500,229,69,0
38800043500,284,70,0
38800043500,435,71,1
38800043501,435,1,0
38800043501,284,2,0
38800043501,229,3,0
38800043501,375,4,0
38800043501,352,5,0
38800043501,197,6,0
38800043501,297,7,0
38800043501,335,8,0
38800043501,278,9,0
38800043501,90,10,0
38800043501,139,11,0
38800043501,383,12,0
38800043501,340,13,0
38800043501,237,14,0
38800043501,67,15,0
38800043501,235,16,0
38800043501,249,17,0
38800043501,318,18,0
38800043501,356,19,0
38800043501,461,20,0
38800043501,157,21,0
38800043501,373,22,0
38800043501,290,23,0
38800043501,503,24,0
38800043501,165,25,0
38800043501,313,26,0
38800043501,158,27,0
38800043501,179,28,0
38800043501,29,29,0
38800043501,353,30,0
38800043501,371,31,0
38800043501,387,32,0
38800043501,314,33,0
38800043501,418,34,0
38800043501,232,35,0
38800043501,262,36,0
38800043501,406,37,0
38800043501,208,38,0
38800043501,252,39,0
38800043501,446,40,0
38800043501,246,41,0
38800043501,412,42,0
38800043501,401,43,0
38800043501,151,44,0
38800043501,326,45,0
38800043501,440,46,0
38800043501,238,47,0
38800043501,348,48,0
38800043501,155,49,0
38800043501,149,50,0
38800043501,96,51,0
38800043501,261,52,0
38800043501,159,53,0
38800043501,24,54,0
38800043501,89,55,0
38800043501,370,56,0
38800043501,301,57,0
38800043501,100,58,0
38800043501,445,59,0
38800043501,50,60,0
38800043501,169,61,0
38800043501,427,62,0
38800043501,289,63,0
38800043501,347,64,0
38800043501,408,65,0
38800043501,380,66,0
38800043501,141,67,0
38800043501,317,68,0
38800043501,104,69,0
38800043501,224,70,0
38800043501,388,71,1
61700011900,617,1,0
61700011900,576,2,0
61700011900,377,3,0
61700011900,35,4,0
61700011900,200,5,0
61700011900,58,6,0
61700011900,309,7,0
61700011900,415,8,0
61700011900,413,9,0
61700011900,178,10,0
61700011900,9,11,0
61700011900,367,12,0
61700011900,450,13,1
61700011900,119,14,1
61700011901,119,1,0
61700011901,450,2,0
61700011901,367,3,0
61700011901,9,4,0
61700011901,178,5,0
61700011901,413,6,0
61700011901,415,7,0
61700011901,309,8,0
61700011901,58,9,0
61700011901,200,10,0
61700011901,35,11,0
61700011901,377,12,0
61700011901,576,13,1
61700011901,617,14,1
61700022600,617,1,0
61700022600,419,2,0
61700022600,344,3,0
61700022600,332,4,1
61700022600,226,5,1
61700022601,226,1,0
61700022601,332,2,0
61700022601,344,3,0
61700022601,419,4,0
61700022601,617,5,1
61700062800,617,1,0
61700062800,419,2,0
61700062800,344,3,0
61700062800,351,4,0
61700062800,332,5,0
61700062800,226,6,0
61700062800,343,7,0
61700062800,631,8,0
61700062800,630,9,0
61700062800,492,10,0
61700062800,629,11,1
61700062800,628,12,1
61700062801,628,1,0
61700062801,629,2,0
61700062801,492,3,0
61700062801,630,4,0
61700062801,631,5,0
61700062801,343,6,0
61700062801,226,7,0
61700062801,332,8,0
61700062801,351,9,0
61700062801,344,10,0
61700062801,419,11,0
61700062801,617,12,1
62100011600,621,1,0
62100011600,220,2,0
62100011600,2,3,0
62100011600,184,4,0
62100011600,192,5,0
62100011600,312,6,0
62100011600,199,7,0
62100011600,329,8,0
62100011600,248,9,0
62100011600,287,10,0
62100011600,639,11,0
62100011600,218,12,0
62100011600,638,13,0
62100011600,15,14,0
62100011600,315,15,0
62100011600,265,16,0
62100011600,128,17,0
62100011600,266,18,0
62100011600,164,19,0
62100011600,420,20,0
62100011600,230,21,0
62100011600,409,22,0
62100011600,205,23,0
62100011600,429,24,0
62100011600,395,25,0
62100011600,360,26,0
62100011600,324,27,0
62100011600,410,28,0
62100011600,376,29,0
62100011600,391,30,0
62100011600,127,31,0
62100011600,637,32,0
62100011600,214,33,0
62100011600,636,34,0
62100011600,293,35,0
62100011600,116,36,1
62100011601,116,1,0
62100011601,293,2,0
62100011601,636,3,0
62100011601,214,4,0
62100011601,637,5,0
62100011601,127,6,0
62100011601,391,7,0
62100011601,376,8,0
62100011601,410,9,0
62100011601,324,10,0
62100011601,360,11,0
62100011601,395,12,0
62100011601,429,13,0
62100011601,205,14,0
62100011601,409,15,0
62100011601,230,16,0
62100011601,420,17,0
62100011601,164,18,0
62100011601,266,19,0
62100011601,128,20,0
62100011601,265,21,0
62100011601,315,22,0
62100011601,15,23,0
62100011601,638,24,0
62100011601,218,25,0
62100011601,639,26,0
62100011601,287,27,0
62100011601,248,28,0
62100011601,329,29,0
62100011601,199,30,0
62100011601,312,31,0
62100011601,192,32,0
62100011601,184,33,0
62100011601,2,34,0
62100011601,220,35,0
62100011601,621,36,1
62800022600,628,1,0
62800022600,629,2,0
62800022600,630,3,0
62800022600,631,4,0
62800022600,343,5,1
62800022600,226,6,1
62800022601,226,1,0
62800022601,343,2,0
62800022601,631,3,0
62800022601,630,4,0
62800022601,629,5,1
62800022601,628,6,1
62800057600,628,1,0
62800057600,629,2,0
62800057600,630,3,0
62800057600,631,4,0
62800057600,343,5,0
62800057600,226,6,0
62800057600,332,7,0
62800057600,351,8,0
62800057600,344,9,0
62800057600,617,10,1
62800057601,617,1,0
62800057601,419,2,0
62800057601,344,3,0
62800057601,351,4,0
62800057601,332,5,0
62800057601,226,6,0
62800057601,343,7,0
62800057601,631,8,0
62800057601,630,9,0
62800057601,492,10,0
62800057601,629,11,1
62800057601,628,12,1
