22600011900,'453',713,5,21,2,,,0
22600011900,'454',1351,4,22,2,,,0
22600011900,'455',1708,4,23,2,,,0
22600011900,'456',1838,4,24,2,,,0
22600011900,'472',915,4,25,2,,,0
22600011900,'473',1117,5,26,2,,,0
22600011901,'449',1128,3,27,8,4,,0
22600011901,'450',1338,4,28,8,4,,0
22600011901,'451',2150,3,29,8,4,,0
22600011901,'452',2241,3,30,6,4,,0
22600011901,'475',1641,4,31,9,4,,0
22600011901,'476',2002,44,32,7,4,,0
61700022600,'470',1935,2,64,4,4,,0
61700022601,'511',927,3,65,2,,,0
61700022601,'557',647,3,66,2,,,0
61700062800,'508',1742,4,67,5,,,0
61700062800,'541',1553,4,68,3,,,0
61700062800,'95',1553,4,69,4,,,0
61700062801,'510',926,2,70,8,,,0
61700062801,'513',1222,4,71,8,,,0
62800057600,'442',1919,5,77,6,,,0
62800057600,'512',1659,5,78,7,,,0
62800057600,'556',1422,2,79,6,,,0
62800057601,'434',749,2,80,5,,,0
62800057601,'539',1154,4,81,4,,,0
62800057601,'558',918,2,82,3,,,0
