22600011900,'453',934,5,21,4,,,0
22600011900,'454',1607,4,22,4,,,0
22600011900,'455',1928,4,23,5,,,0
22600011900,'456',2055,3,24,4,,,0
22600011900,'472',1142,3,25,5,,,0
22600011900,'473',1340,4,26,4,,,0
22600011901,'449',902,45,27,6,,,0
22600011901,'450',1105,5,28,6,,,0
22600011901,'451',1929,3,29,5,,,0
22600011901,'452',2025,3,30,4,,,0
22600011901,'475',1408,5,31,6,,,0
22600011901,'476',1744,4,32,5,,,0
61700011900,'443',2014,4,43,5,,,0
61700011900,'461',1036,4,44,5,,,0
61700011900,'462',1231,5,45,3,,,0
61700011900,'463',1731,4,46,4,,,0
61700011900,'482',729,4,47,5,,,0
61700011900,'484',619,3,48,5,,,0
61700011900,'485',1135,4,49,3,,,0
61700011900,'486',1449,4,50,6,,,0
61700011900,'487',1858,3,51,3,,,0
61700011900,'520',1638,4,52,3,,,0
61700011900,'93',1358,4,53,5,,,0
61700011901,'458',1252,4,54,3,,,0
61700011901,'459',1502,44,55,9,,,0
61700011901,'477',902,45,57,6,,,0
61700011901,'478',1637,5,58,3,,,0
61700011901,'479',1758,4,59,4,,,0
61700011901,'481',2109,3,60,8,,,0
61700011901,'516',1105,5,61,6,,,0
61700011901,'519',1547,4,62,5,,,0
61700011901,'91',2012,3,63,9,,,0
