22600011900,'453',1122,3,21,6,,,0
22600011900,'454',1753,3,22,7,,,0
22600011900,'455',2108,3,23,6,,,0
22600011900,'456',2237,2,24,5,,,0
22600011900,'472',1337,3,25,8,,,0
22600011900,'473',1537,3,26,7,,,0
22600011901,'449',712,4,27,3,,,0
22600011901,'450',913,4,28,3,,,0
22600011901,'451',1742,3,29,2,,,0
22600011901,'452',1841,2,30,3,,,0
22600011901,'475',1213,4,31,3,,,0
22600011901,'476',1557,3,32,3,,,0
61700011900,'443',2207,2,43,9,,,0
61700011900,'461',1238,3,44,11,,,0
61700011900,'463',1937,2,46,10,,,0
61700011900,'482',922,3,47,10,,,0
61700011900,'486',1636,3,50,8,,,0
61700011900,'487',2038,2,51,4,,,0
61700011900,'520',1823,3,52,5,,,0
61700011900,'93',1551,3,53,8,,,0
61700011901,'459',1258,3,55,3,,,0
61700011901,'460',1711,2,56,2,,,0
61700011901,'477',712,4,57,3,,,0
61700011901,'478',1457,3,58,2,,,0
61700011901,'479',1612,3,59,2,,,0
61700011901,'481',1911,3,60,2,,,0
61700011901,'516',913,4,61,3,,,0
61700011901,'519',1356,3,62,2,,,0
61700011901,'91',1811,3,63,3,,,0
