8000119,800011900,'112',1
8000119,800011901,'111',2
11900093,1190009300,'371',3
11900093,1190009301,'518',4
21000458,2100045800,'533',5
21000458,2100045801,'534',6
119000120,11900012000,'502',7
119000120,11900012001,'503',8
119000341,11900034100,'499',9
119000341,11900034101,'500',10
119000618,11900061800,'488',11
119000618,11900061800,'489',12
119000618,11900061800,'490',13
119000618,11900061800,'517',14
119000618,11900061801,'492',15
119000618,11900061801,'495',16
119000618,11900061801,'496',17
119000618,11900061801,'497',18
149000435,14900043500,'279',19
149000435,14900043501,'278',20
226000119,22600011900,'453',21
226000119,22600011900,'454',22
226000119,22600011900,'455',23
226000119,22600011900,'456',24
226000119,22600011900,'472',25
226000119,22600011900,'473',26
226000119,22600011901,'449',27
226000119,22600011901,'450',28
226000119,22600011901,'451',29
226000119,22600011901,'452',30
226000119,22600011901,'475',31
226000119,22600011901,'476',32
226000444,22600044400,'535',33
226000444,22600044401,'537',34
226000444,22600044401,'538',35
226000460,22600046000,'536',36
226000460,22600046001,'396',37
226000460,22600046001,'397',38
226000620,22600062000,'504',39
226000620,22600062001,'505',40
388000435,38800043500,'525',41
388000435,38800043501,'526',42
617000119,61700011900,'443',43
617000119,61700011900,'461',44
617000119,61700011900,'462',45
617000119,61700011900,'463',46
617000119,61700011900,'482',47
617000119,61700011900,'484',48
617000119,61700011900,'485',49
617000119,61700011900,'486',50
617000119,61700011900,'487',51
617000119,61700011900,'520',52
617000119,61700011900,'93',53
617000119,61700011901,'458',54
617000119,61700011901,'459',55
617000119,61700011901,'460',56
617000119,61700011901,'477',57
617000119,61700011901,'478',58
617000119,61700011901,'479',59
617000119,61700011901,'481',60
617000119,61700011901,'516',61
617000119,61700011901,'519',62
617000119,61700011901,'91',63
617000226,61700022600,'470',64
617000226,61700022601,'511',65
617000226,61700022601,'557',66
617000628,61700062800,'508',67
617000628,61700062800,'541',68
617000628,61700062800,'95',69
617000628,61700062801,'510',70
617000628,61700062801,'513',71
621000116,62100011600,'269',72
621000116,62100011601,'270',73
628000226,62800022600,'466',74
628000226,62800022601,'433',75
628000226,62800022601,'467',76
628000576,62800057600,'442',77
628000576,62800057600,'512',78
628000576,62800057600,'556',79
628000576,62800057601,'434',80
628000576,62800057601,'539',81
628000576,62800057601,'558',82
