800011900,'112',11029,,1,67,4,,0
800011901,'111',955,,2,1,,,0
1190009300,'371',1615,,3,1,,,0
1190009301,'518',835,,4,4,4,,0
11900012000,'502',820,,7,1,,,0
11900012001,'503',1943,,8,22,4,,0
11900034100,'499',1740,,9,1,,,0
11900034101,'500',1338,,10,12,4,,0
11900061800,'488',650,,11,1,,,0
11900061800,'489',1130,,12,1,,,0
11900061800,'490',1722,,13,1,,,0
11900061800,'517',1945,,14,1,,,0
11900061801,'492',1010,,15,9,4,,0
11900061801,'495',1311,,16,10,4,,0
11900061801,'496',1713,,17,8,4,,0
11900061801,'497',2150,,18,10,4,,0
22600011900,'453',1203,,21,8,4,,0
22600011900,'454',1845,,22,8,4,,0
22600011900,'455',2148,,23,8,4,,0
22600011900,'456',2318,,24,6,4,,0
22600011900,'472',1418,,25,10,4,,0
22600011900,'473',1618,,26,8,4,,0
22600011901,'449',632,,27,1,,,0
22600011901,'450',832,,28,1,,,0
22600011901,'451',1708,,29,1,,,0
22600011901,'452',1808,,30,1,,,0
22600011901,'475',1138,,31,1,,,0
22600011901,'476',1523,,32,1,,,0
61700011900,'443',2248,,43,11,4,,0
61700011900,'461',1318,,44,13,4,,0
61700011900,'462',1448,,45,4,4,,0
61700011900,'463',2018,,46,11,4,,0
61700011900,'482',1002,,47,11,4,,0
61700011900,'484',848,,48,9,4,,0
61700011900,'485',1348,,49,5,4,,0
61700011900,'486',1730,,50,10,4,,0
61700011900,'487',2118,,51,6,4,,0
61700011900,'520',1915,,52,6,4,,0
61700011900,'93',1633,,53,9,4,,0
61700011901,'458',1038,,54,1,,,0
61700011901,'459',1223,,55,1,,,0
61700011901,'460',1638,,56,1,,,0
61700011901,'477',632,,57,1,,,0
61700011901,'478',1423,,58,1,,,0
61700011901,'479',1538,,59,1,,,0
61700011901,'481',1838,,60,1,,,0
61700011901,'516',832,,61,1,,,0
61700011901,'519',1323,,62,1,,,0
61700011901,'91',1738,,63,1,,,0
