22600062000,'504',2212,64,39,5,,,0
22600062001,'505',3028,15,40,24,,,0
61700062800,'508',2123,2,67,11,4,,0
61700062800,'541',1954,2,68,9,4,,0
61700062800,'95',1954,2,69,10,4,,0
61700062801,'510',557,3,70,2,,,0
61700062801,'513',834,3,71,2,,,0
62800022600,'466',1808,2,74,2,,,0
62800022601,'433',1054,3,75,5,4,,0
62800022601,'467',927,2,76,5,4,,0
62800057600,'442',1524,2,77,2,,,0
62800057600,'512',1300,43,78,2,,,0
62800057600,'556',1028,3,79,2,,,0
62800057601,'434',1122,3,80,10,4,,0
62800057601,'539',1547,2,81,10,4,,0
62800057601,'558',1323,3,82,9,4,,0
