61700011900,'443',1823,3,43,2,,,0
61700011900,'461',850,5,44,2,,,0
61700011900,'462',1044,4,45,2,,,0
61700011900,'463',1545,3,46,2,,,0
61700011900,'482',540,2,47,2,,,0
61700011900,'484',433,3,48,2,,,0
61700011900,'485',956,4,49,2,,,0
61700011900,'486',1244,4,50,2,,,0
61700011900,'487',1712,3,51,2,,,0
61700011900,'520',1455,6,52,2,,,0
61700011900,'93',1205,5,53,2,,,0
61700011901,'458',1442,4,54,4,4,,0
61700011901,'459',1658,4,55,13,4,,0
61700011901,'460',2026,3,56,4,4,,0
61700011901,'477',1104,3,57,9,4,,0
61700011901,'478',1826,4,58,6,4,,0
61700011901,'479',1943,3,59,6,4,,0
61700011901,'481',2254,3,60,12,4,,0
61700011901,'516',1315,4,61,9,4,,0
61700011901,'519',1734,4,62,6,4,,0
61700011901,'91',2155,3,63,12,4,,0
