22600011900,'454',1719,2,22,6,,,0
22600011900,'472',1301,43,25,7,,,0
22600011900,'473',1501,43,26,6,,,0
22600011901,'449',746,3,27,4,,,0
22600011901,'450',947,3,28,4,,,0
22600011901,'451',1816,2,29,3,,,0
22600011901,'475',1249,3,31,4,,,0
61700011900,'443',2133,2,43,8,,,0
61700011900,'461',1159,2,44,9,,,0
61700011900,'463',1857,2,46,8,,,0
61700011900,'482',847,3,47,9,,,0
61700011900,'484',733,2,48,7,,,0
61700011900,'93',1515,3,53,7,,,0
61700011901,'459',1337,2,55,5,,,0
61700011901,'477',746,3,57,4,,,0
61700011901,'479',1645,2,59,3,,,0
61700011901,'481',1947,2,60,4,,,0
61700011901,'516',947,3,61,4,,,0
61700011901,'519',1430,2,62,3,,,0
61700011901,'91',1848,2,63,5,,,0
