22600062000,'504',2014,10,39,4,,,0
22600062001,'505',3226,6,40,25,,,0
61700062800,'508',1954,2,67,9,,,0
61700062800,'541',1807,2,68,7,,,0
61700062800,'95',1807,2,69,8,,,0
61700062801,'510',730,4,70,4,,,0
61700062801,'513',1017,3,71,4,,,0
62800022600,'466',1944,2,74,3,,,0
62800022601,'433',931,2,75,4,,,0
62800022601,'467',745,2,76,4,,,0
62800057600,'442',1700,42,77,3,,,0
62800057600,'512',1446,2,78,3,,,0
62800057600,'556',1210,2,79,3,,,0
62800057601,'434',946,2,80,9,,,0
62800057601,'539',1356,2,81,8,,,0
62800057601,'558',1136,2,82,7,,,0
