22600062000,'504',1855,10,39,2,,,0
22600062001,'505',3340,6,40,27,4,,0
61700062800,'508',1840,2,67,7,,,0
61700062800,'541',1654,,68,5,,,0
61700062800,'95',1654,,69,6,,,0
61700062801,'510',824,,70,6,,,0
61700062801,'513',1113,2,71,6,,,0
62800022600,'466',2047,2,74,5,4,,0
62800022601,'433',814,,75,2,,,0
62800022601,'467',640,2,76,2,,,0
62800057600,'442',1758,,77,4,,,0
62800057600,'512',1541,2,78,5,,,0
62800057600,'556',1318,2,79,4,,,0
62800057601,'434',850,,80,7,,,0
62800057601,'539',1300,42,81,6,,,0
62800057601,'558',1030,2,82,5,,,0
